711024922
3534699
5362110
13319986
3324469881
1522558252
3275093291
3275093311
2615362262
2615362272
2615362292
2615362302
2615362312
2615362332
2615362352
1365668782
1365669002
1365669012
1365669022
1365669062
2056822227
3064503871
2631444372
3225817481
12199137
12199138
12199146
3208477871
3208477891
3075964511
3126342861
3126342951
3126342981
3126343081
64160269
64160281
64160301
64160302
64160303
64160304
3126343381
1727544447
1727544507
3234435071
559485742
559485752
559485762
559485772
559485792
559485812
559485842
559485852
129313766
2615362282
3324469821
3027086781
3068618971
3319004611
3058133221
530684131
2928959711
3055494601
3069849031
3116804321
1679746507
3328735461
3319004621
3068618981
2700564712
1258347982
3034320341
3328735471
3058133231
3356880341
864425432
3064606961
1258347992
3068618991
3034320351
3058133241
3068619001
3356880351
3018017021
1258348002
3058133251
3027086831
2939056391
3319004651
3356880371
3068619011
3319004661
3328735501
3058133261
3356880381
3328735511
396732692
864425472
3319004671
3069912581
3034321181
3068618241
3058133271
3401333021
3356880391
530684191
3059861001
3319004681
3034320401
3116804391
3058132491
3059861801
2928959781
3319004691
2777267731
2877917482
3058132501
3058133291
3319004701
72921394
3058132511
3328735541
3059861031
3319004711
2928959801
3328735551
3027086891
3058132521
2971894081
3328735561
3283041841
2971894091
3319004721
3058132531
2877917522
1019495992
3283041851
3328735571
3059861051
2971894101
2971894111
3058132541
3328735591
1019496002
2971894121
3058132551
3328735601
3058133361
3027086921
3050016331
2971894131
1019496012
1679747447
3059861071
3058133371
3058132561
1019496022
2971894141
3058132571
3058133381
3027086941
2971894151
1019496032
2957008481
3370318221
3064541581
3058132581
2971894161
3116804501
1019496042
2957008491
2971894171
3059861101
3058132591
2971894181
3116804511
1019496052
68243882
2957008501
2971894191
3238282871
2971894201
3058132601
3401333181
3116804541
3050129021
3064606331
2971894211
1019496062
3059861121
3116804551
66304456
66304457
3058132611
3069849221
66304458
3050129031
2971894221
1019496072
66304465
3325601421
66304466
66304467
3050129041
1019496082
3216372181
3116803731
3116804571
3051560601
3401333221
3050129051
3401333231
1019496092
3370318321
3050129061
2877917692
1019496102
2777267881
3401333261
3106607631
3050129071
1148635672
1019496112
3050129081
1019496122
3095322301
3050129091
1019496132
2095821367
3411984961
3092379331
2877917762
3411984971
3050129101
1019496142
3059861201
3411984981
3050129111
3411984991
1019496152
3075973731
3411985001
3059861211
2997458651
3411985011
3064541801
3050129121
3104082551
1019496162
3075973751
3411985021
3018017411
1019496172
3050129131
3411985031
3116803821
66152176
3411985041
3050129141
3370318481
3411985051
3238283001
3050129151
3411985061
1019496192
3370318501
3238283011
3411985071
3069849351
3058234041
1019496202
3411985081
3411985091
3059861261
3411985101
1679746827
3064541901
3116803861
3050015441
3324469971
66152217
3064606491
2914912981
66152219
3411985111
66152220
3411985121
66152221
3411985131
66152222
3411985141
3411985151
66152223
66152224
3411985161
66152225
3411985171
66152226
3411985181
1019496222
3059861281
3106606881
3411985191
1019496232
3324470061
3059861301
3411985201
3351044921
3068643131
3069911871
3068643141
3059861311
3411985221
3034257221
2185825097
3055494981
3351044941
3025481541
3411985231
3092379461
3411985241
3059861321
3104082781
3058132811
2928959301
3411985261
3411985251
3068643151
2185825137
3025481551
3411985271
3059861331
3075974011
3058132821
3069911931
3095321471
3068643161
3411985281
3025481561
3075974021
3058132831
3075974031
3012372321
1679745927
3068643171
3075974041
3075974051
3025481571
3034320741
3075974061
3092379491
3075974071
3104082871
3058132841
2772118461
3068643181
3058132851
3075974081
3068643191
3027086281
3092379511
3075974091
3059861371
2997457871
3058132861
3075974101
3068643201
3069912021
3055495041
3116803971
3075974111
3075974121
3058132871
2939057151
3051560841
3104082951
3068643211
3069912071
3098277771
3058132881
397012002
3077833761
3068643221
3004853291
3116803991
3356879951
3058132891
3069912151
3068643231
3329231971
3090191461
3059861411
3058132901
69383269
3068643241
2988407911
3090280361
3329231981
3059861421
2988407921
3058132911
2814516342
3068643251
3055495091
3329231991
2988407931
3329232001
3059861431
3058132921
3329232011
3068643261
2988407961
3059861441
3329232031
3064606661
2934015141
1062660042
3055494311
3068643281
3329232041
3079722961
2988407981
3116804051
2934015151
3058132951
3329232051
3068643291
2934015161
3059861471
3055494331
3238283231
3329232061
3098202081
2934015171
3064606691
3069912261
3068643301
3068643311
3092378821
3329232071
3118423241
3059861491
3068643321
2988408011
2934015181
2939057361
3329232081
3329232091
3329232101
3324470491
3324470501
2856996072
2988408041
3069912301
3329232111
3320784111
1043944692
3329232121
3068643331
3275093251
3034320901
3055494421
3068643341
131222806
3059861521
3098202131
3329232151
3356880151
3068643351
3090191641
2986510361
3069912351
3329232161
3051560991
3320784161
3238283301
3068643371
2914913581
3116804141
3059861551
1043944762
3064606771
3048377661
3068643381
3055495221
3018016821
3329232191
3356880191
3059861561
3027086661
3069912391
3068643391
3329232201
3116804161
2700564552
3329232211
3068643401
3356880211
3116804171
3069848921
3059861581
3092378971
3068643411
3388286301
2877917272
1043944802
3064606811
3012371811
3027086691
2700564572
3068643421
3388286311
3116804191
3055494511
3068643431
3048377711
3116804201
3328735341
3388286321
3356880241
2700564592
3069912441
3068643441
3048377721
3116804211
3068618111
3068643451
3048377731
3116804221
3068618121
3074344331
3356880271
2877917312
3118423441
134940802
3068643461
3068618131
3059861641
3065866381
2997458331
3068643471
3068618141
3027086751
3068643481
3037558941
3055494561
106061982
3058133151
2700564642
3319004581
3238282661
3058133161
2700564652
2997458341
3058133171
3058133181
3068618941
2877917382
3319004591
3058133191
2914913711
3068618951
2928959691
3055494581
3116804301
3058133201
3069912501
3068618961
2928959701
1679747287
3112709561
3319004601
3058133211
3059860921
3324470091
3324469911
3324470131
2095821257
3324470101
2095821327
3324469901
3324470551
3027086501
3025481631
3324469921
3329232221
3324469851
3324469801
3324469981
3324469931
3351044321
3324469811
3324469861
3324469991
3324469941
2095821287
3324470071
3411985211
3324470121
2928959211
3324469831
3324470081
3324469891
3351044681
3324470021
3324469871
3324469961
3324470001
2095821317
